4028
3317
5530
3929
4139
5811
3149
5862
2482
3944
3005
6658
4042
2569
3910
3055
3712
3076
5961
3749
3119
2865
5198
5486
4729
431
4720
1544
3349
4465
1588
3638
2234
4928
5419
1472
6947
2506
5656
2939
4571
4864
2833
6365
3408
3079
3892
2622
5832
2968
2395
2943
5114
2296
4882
3018
4352
3238
4881
6130
3606
4879
3908
1859
3088
2916
1519
5546
3245
5544
4958
3675
4510
2966
2806
4402
2944
5755
1950
6283
2464
3718
2586
3714
3385
4334
1085
5388
3820
5021
3207
4656
4728
7813
2566
3305
1733
3515
3906
1015
7131
5441
3987
3237
6121
2619
4534
3122
2283
4533
1776
3754
4251
2279
3520
3440
6476
3386
2826
3906
3543
2808
5763
1656
6395
4832
5224
1112
2912
3862
5628
4126
4682
3560
3286
2786
1790
6233
2318
5725
